AT_gr_12_fall 0.012633 44 0.555852
AT_gr_12_spring 0.0123753 62 0.767269
AT_Mau_14_01 0.00845406 40 0.338162
AT_Mau_14_02  40 0
AT_Mau_15_50 0.00826401 40 0.33056
AT_Mau_15_51 0.00767639 40 0.307056
AT_See_16_1 0.00816415 40 0.326566
CA_es_12_fall 0.0134523 92 1.23761
CA_es_12_frost 0.022539 92 2.07359
CA_es_12_spring 0.00937712 27 0.253182
CA_es_13_fall 0.0164685 57 0.938705
CA_es_13_spring 0.0439779 50 2.19889
CA_pl_12_fall 0.0175251 100 1.75251
CA_pl_12_frost 0.00924771 56 0.517872
CA_pl_13_fall 0.0155217 88 1.36591
CA_pl_13_frost 0.00981596 72 0.706749
CA_st_12_fall 0.0192088 100 1.92088
CA_st_12_frost 0.0286203 58 1.65998
CA_st_13_fall 0.015592 72 1.12262
CA_tu_12_fall 0.0146462 116 1.69896
CA_tu_12_frost 0.0109751 60 0.658506
CA_tu_13_fall 0.0153776 100 1.53776
CA_tu_13_frost 0.00935699 100 0.935699
CA_tu_13_spring 0.0118627 98 1.16254
CH_Cha_14_42 0.0090749 40 0.362996
CH_Cha_14_43 0.0291814 40 1.16726
CH_Cha_15_39 0.00829097 40 0.331639
CH_Cha_16_38 0.00841344 40 0.336538
CY_Nic_14_11 0.00760478 40 0.304191
DE_Bro_14_14 0.00724433 40 0.289773
DE_Bro_14_15 0.00704908 40 0.281963
DE_Bro_15_53 0.00755683 40 0.302273
DE_Bro_15_54 0.00752553 40 0.301021
DE_Bro_16_10 0.00750808 40 0.300323
DE_Bro_16_11 0.00736606 40 0.294642
DE_Mun_15_45 0.00788508 40 0.315403
DE_Mun_15_46 0.00789616 40 0.315846
DE_Mun_16_12 0.00753083 40 0.301233
DE_Mun_16_13 0.00784536 40 0.313814
DK_Kar_14_39 0.00765664 40 0.306266
DK_Kar_14_41 0.00742892 40 0.297157
DK_Kar_16_2 0.00768445 40 0.307378
DK_Kar_16_3 0.0075684 40 0.302736
DK_Kar_16_4 0.00762811 40 0.305124
ES_ba_12_fall 0.0113009 29 0.327726
ES_ba_12_spring 0.0115752 55 0.636636
ES_Ben_16_32 0.0340201 40 1.3608
ES_Cor_15_33 0.0386391 40 1.54556
ES_Gim_14_34 0.155507 40 6.22028
ES_Gim_14_35 0.186278 40 7.45112
ES_Gim_15_30 0.00801532 40 0.320613
ES_Gim_15_31 0.00792533 40 0.317013
ES_Gim_16_33 0.656652 40 26.2661
ES_Gim_16_34 0.00796639 40 0.318656
ES_Gua_15_32 0.0301202 40 1.20481
ES_Pur_16_35 0.23765 40 9.506
ES_Tom_15_28 0.00763126 40 0.30525
ES_Tom_15_29 0.0302258 40 1.20903
ES_Tom_16_36 0.0522649 40 2.0906
ES_Tom_16_37 0.00798505 40 0.319402
FI_Aka_14_36 0.00834062 40 0.333625
FI_Aka_14_37 0.00761864 40 0.304746
FI_Aka_15_34 0.00780547 40 0.312219
FI_Aka_15_35 0.00820213 40 0.328085
FI_Aka_16_5 0.00768124 40 0.30725
FI_Aka_16_6 0.00802926 40 0.32117
FI_Ves_14_38 0.007801 33 0.257433
FI_Ves_16_7 0.00801532 40 0.320613
FL_ho_10_spring 0.0133138 39 0.519238
FR_Got_15_47 0.0330347 40 1.32139
FR_Got_15_48 0.136726 40 5.46904
FR_Got_15_49 0.00741357 40 0.296543
FR_Got_16_8 0.00809889 40 0.323956
FR_Vil_14_05 0.00853927 40 0.341571
FR_Vil_14_07 0.0570234 40 2.28094
FR_Vil_15_40 0.00835784 40 0.334314
FR_Vil_15_41 0.00763213 40 0.305285
FR_Vil_16_9 0.00777202 40 0.310881
GA_at_14_spring 0.00805681 44 0.3545
GA_ha_08_spring 0.0123192 51 0.628279
GS_Des_15_1 0.00870109 40 0.348044
GS_Sai_15_2 0.00848232 40 0.339293
HU_Sze_16_14 0.0307157 40 1.22863
IL_ur_15_spring 0.00865314 184 1.59218
IT_Mez_15_43 0.276937 40 11.0775
IT_Mez_15_44 0.573555 40 22.9422
IT_Tre_16_15 0.36487 40 14.5948
KA_to_14_fall 0.00833218 48 0.399945
KA_to_14_spring 0.00827791 72 0.59601
MA_la_12_fall 0.0118124 63 0.744181
MA_la_12_spring 0.0120379 100 1.20379
MA_la_14_fall 0.00764207 90 0.687786
MA_la_14_spring 0.00787735 32 0.252075
ME_bo_09_fall.r1 0.0119986 86 1.03188
ME_bo_09_fall.r2 0.0167576 75 1.25682
NC_ra_03_n 0.0122416 92 1.12623
NY_it_12_fall 0.0123574 58 0.716729
NY_it_12_spring 0.0120742 30 0.362226
ON_su_15_fall 0.00765642 110 0.842206
PA_li_09_fall 0.0115374 74 0.853768
PA_li_10_fall 0.0117316 33 0.387143
PA_li_10_spring 0.0114126 116 1.32386
PA_li_11_fall 0.0111498 47 0.524041
PA_li_11_frost  50 0
PA_li_11_spring  75 0
PA_li_12_spring 0.0261508 115 3.00734
PA_li_12_sum 0.0120834 50 0.60417
PA_li_13_spring 0.00862026 54 0.465494
PA_li_14_spring 0.00856809 92 0.788264
PA_li_15_fall 0.0499852 52 2.59923
PA_st_15_spring 0.00790173 47 0.371381
PO_Brz_15_12 0.00805906 40 0.322362
PO_Brz_16_17 0.00758149 40 0.30326
PO_Gda_16_16 0.00767974 40 0.30719
PT_Rec_14_33 0.0253448 40 1.01379
PT_Rec_15_16 0.592469 40 23.6988
PT_Rec_16_18 0.115084 40 4.60336
RS_Kal_16_28 0.00739374 40 0.29575
RS_Kal_16_29 0.00794364 40 0.317746
RS_Sla_16_30 0.00744745 40 0.297898
RS_Sla_16_31 0.00758536 40 0.303414
RU_Ale_15_55 0.0075443 40 0.301772
RU_Ale_16_22 0.00767753 40 0.307101
RU_tul_15_37 0.00774165 40 0.309666
RU_val_15_36 0.00783577 40 0.313431
RU_val_15_38 0.00756508 40 0.302603
RU_Val_16_19 0.0076689 40 0.306756
RU_Val_16_20 0.00757011 40 0.302804
RU_Val_16_21 0.00748774 40 0.29951
SC_eu_10_spring 0.0127455 48 0.611784
SE_Lun_14_30 0.00705738 40 0.282295
SE_Lun_15_15 0.0072847 40 0.291388
TR_Yes_14_03 0.0549624 40 2.1985
TR_Yes_14_04 0.00889853 40 0.355941
TR_Yes_15_3 0.0075202 40 0.300808
TR_Yes_15_4 0.00823454 40 0.329382
TR_Yes_15_5 0.00775225 40 0.31009
TR_Yes_15_6 0.00766402 40 0.306561
TR_Yes_15_7 0.0505614 40 2.02246
TR_Yes_15_8 0.00747248 40 0.298899
TR_Yes_16_39 0.00815141 40 0.326056
TR_Yes_16_40 0.0079059 40 0.316236
TR_Yes_16_41 0.0381966 40 1.52786
TR_Yes_16_42 0.00787609 40 0.315044
TR_Yes_16_43 0.00788123 40 0.315249
TR_Yes_16_52 0.00912586 40 0.365034
UA_Cho_15_24 0.00739926 40 0.29597
UA_Cho_15_25 0.00756243 40 0.302497
UA_Cho_15_26 0.00851226 40 0.34049
UA_Cho_15_27 0.00714624 40 0.28585
UA_Cho_15_65 0.0079158 40 0.316632
UA_Cho_15_67 0.00771167 40 0.308467
UA_Cho_15_68 0.00768945 40 0.307578
UA_Cho_15_69 0.00773621 40 0.309448
UA_Cho_15_70 0.00758226 40 0.30329
UA_Cho_16_54 0.00769317 40 0.307727
UA_Cho_16_55 0.0077787 40 0.311148
UA_Cho_16_62 0.00812783 40 0.325113
UA_Dro_14_27 0.00685559 40 0.274224
UA_Dro_15_10 0.00758809 40 0.303524
UA_Dro_16_56 0.0095051 40 0.380204
UA_Kan_16_57 0.00780362 40 0.312145
UA_Kha_14_45 0.00835762 40 0.334305
UA_Kha_14_46 0.00863737 40 0.345495
UA_Kha_15_19 0.00814088 40 0.325635
UA_Kha_16_58 0.00809053 40 0.323621
UA_Kyi_14_23 0.00745013 40 0.298005
UA_Kyi_14_24 0.00710092 40 0.284037
UA_Kyi_14_49 0.0420845 40 1.68338
UA_Kyi_15_64 0.0082406 40 0.329624
UA_Kyi_16_44 0.00830521 40 0.332208
UA_Kyi_16_45 0.00856229 40 0.342492
UA_Kyi_16_59 0.00796065 40 0.318426
UA_od_13_fall 0.00773316 61 0.471723
UA_od_13_spring 0.00837072 37 0.309717
UA_Ode_14_19 0.0152062 40 0.608248
UA_Ode_14_20 0.00717599 40 0.28704
UA_Ode_14_21 0.0374964 40 1.49986
UA_Ode_14_22 0.0277462 40 1.10985
UA_Ode_15_20 0.00719586 40 0.287834
UA_Ode_15_22 0.0687809 40 2.75124
UA_Ode_15_66 0.00809741 40 0.323896
UA_Ode_16_46 0.0972273 40 3.88909
UA_Ode_16_47 0.0385994 40 1.54398
UA_Pir_15_21 0.00747039 40 0.298816
UA_Pyr_16_48 0.04591 40 1.8364
UA_Pyr_16_49 0.0081584 40 0.326336
UA_Uma_14_50 0.00798973 40 0.319589
UA_Uma_15_9 0.00752631 40 0.301052
UA_Uma_16_50 0.00876536 40 0.350614
UA_Uma_16_51 0.00899933 40 0.359973
UA_Var_14_25 0.00723986 40 0.289594
UA_Var_15_18 0.00749516 40 0.299806
UA_Var_16_60 0.00790909 40 0.316364
UA_Yal_14_16 0.00702343 40 0.280937
UA_Yal_14_18 0.0071368 40 0.285472
UA_Yal_15_23 0.00777695 40 0.311078
UA_Yal_15_63 0.007926 40 0.31704
UA_Yal_16_61 0.0077675 40 0.3107
UK_Dai_15_52 0.00744781 40 0.297912
UK_Dai_16_23 0.00776158 40 0.310463
UK_Lut_14_13 0.00709925 40 0.28397
UK_Mar_14_12 0.00709499 40 0.2838
UK_Mar_15_42 0.00810697 40 0.324279
UK_Mar_16_53 0.00765931 40 0.306372
UK_She_14_09 0.00835689 40 0.334276
UK_She_15_17 0.0076876 40 0.307504
UK_Sou_14_10 0.00863237 40 0.345295
VA_ch_12_spring 0.0135944 95 1.29147
VA_ch_14_fall 0.00781943 76 0.594277
VA_ch_15_fall 0.00781075 89 0.695157
VA_ch_15_spring 0.007847 65 0.510055
WI_cp_12_fall 0.0119468 164 1.95928
WI_cp_12_frost 0.0114965 100 1.14965
WI_cp_12_spring 0.0114878 83 0.953487
WI_cp_13_fall 0.0217215 61 1.32501
WI_cp_14_fall 0.00712494 61 0.434621
WI_cp_14_spring 0.00786691 130 1.0227
